# Marker IDs can be arbitrary strings.
# Marker ID,	Time (in s)
1,	1.3144
1,	3.3150
1,	5.3160
1,	7.3168
1,	9.3178
2,	11.3186
1,	13.3196
1,	15.3204
1,	17.3212
1,	19.3222
1,	21.3226
1,	23.3240
1,	25.3248
2,	27.3258
1,	29.3264
1,	31.3272
1,	33.3280
1,	35.3290
2,	37.3300
1,	39.3308
1,	41.3316
1,	43.3324
1,	45.3334
1,	47.3344
1,	49.3352
2,	51.3366
1,	53.3370
1,	55.3378
1,	57.3386
2,	59.3394
1,	61.3402
1,	63.3412
1,	65.3422
1,	67.3430
1,	69.3438
1,	71.3450
2,	73.3458
1,	75.3464
1,	77.3476
1,	79.3482
1,	81.3492
1,	83.3502
1,	85.3508
1,	87.3520
1,	89.3526
1,	91.3534
2,	93.3544
1,	95.3550
1,	97.3560
1,	99.3570
1,	101.3578
1,	103.3586
1,	105.3596
1,	107.3610
1,	109.3614
2,	111.3624
1,	113.3630
1,	115.3640
1,	117.3650
2,	119.3660
1,	121.3664
1,	123.3674
1,	125.3682
1,	127.3690
1,	129.3700
1,	131.3710
1,	133.3718
1,	135.3732
1,	137.3734
1,	139.3744
1,	141.3750
1,	143.3762
1,	145.3770
2,	147.3778
1,	149.3796
1,	151.3802
1,	153.3806
1,	155.3814
1,	157.3822
1,	159.3832
1,	161.3838
1,	163.3850
1,	165.3858
1,	167.3868
1,	169.3876
1,	171.3882
1,	173.3894
1,	175.3902
1,	177.3912
1,	179.3920
1,	181.3928
1,	183.3938
1,	185.3946
1,	187.3952
2,	189.3964
1,	191.3972
1,	193.3978
1,	195.3988
2,	197.3998
1,	199.4006
1,	201.4016
1,	203.4022
1,	205.4032
1,	207.4040
1,	209.4054
1,	211.4060
1,	213.4070
1,	215.4076
1,	217.4084
2,	219.4100
1,	221.4102
1,	223.4112
1,	225.4120
1,	227.4130
1,	229.4138
1,	231.4146
1,	233.4154
1,	235.4166
1,	237.4170
1,	239.4178
1,	241.4192
1,	243.4200
1,	245.4206
1,	247.4216
1,	249.4226
1,	251.4234
1,	253.4248
2,	255.4252
1,	257.4262
1,	259.4268
1,	261.4278
2,	263.4288
1,	265.4294
1,	267.4310
1,	269.4314
1,	271.4322
1,	273.4330
1,	275.4338
1,	277.4346
1,	279.4354
1,	281.4366
1,	283.4374
1,	285.4382
2,	287.4392
1,	289.4400
1,	291.4408
1,	293.4420
1,	295.4428
1,	297.4434
1,	299.4444
1,	301.4452
1,	303.4460
1,	305.4472
1,	307.4480
1,	309.4488
1,	311.4502
1,	313.4504
1,	315.4514
2,	317.4528
1,	319.4530
1,	321.4540
1,	323.4546
1,	325.4558
2,	327.4570
1,	329.4574
1,	331.4584
1,	333.4592
1,	335.4600
1,	337.4612
1,	339.4618
2,	341.4630
1,	343.4640
1,	345.4644
1,	347.4652
1,	349.4662
1,	351.4672
2,	353.4678
1,	355.4692
1,	357.4696
1,	359.4704
1,	361.4716
1,	363.4730
1,	365.4730
1,	367.4738
1,	369.4748
1,	371.4760
1,	373.4768
1,	375.4776
1,	377.4790
1,	379.4794
1,	381.4808
1,	383.4812
1,	385.4818
1,	387.4834
2,	389.4836
1,	391.4846
1,	393.4854
1,	395.4866
1,	397.4874
2,	399.4882
1,	401.4892
1,	403.4900
1,	405.4908
1,	407.4916
1,	409.4924
1,	411.4936
1,	413.4940
1,	415.4950
1,	417.4964
2,	419.4970
1,	421.4982
1,	423.4988
1,	425.4994
1,	427.5008
1,	429.5012
2,	431.5020
1,	433.5028
1,	435.5038
1,	437.5052
1,	439.5054
1,	441.5066
1,	443.5074
2,	445.5082
1,	447.5090
1,	449.5106
1,	451.5108
1,	453.5122
1,	455.5132
1,	457.5132
1,	459.5148
1,	461.5150
1,	463.5162
1,	465.5170
2,	467.5178
1,	469.5190
1,	471.5196
1,	473.5202
1,	475.5212
1,	477.5226
1,	479.5230
1,	481.5240
1,	483.5250
1,	485.5258
1,	487.5266
1,	489.5274
1,	491.5288
1,	493.5292
1,	495.5304
1,	497.5308
2,	499.5320
1,	501.5328
1,	503.5336
1,	505.5346
1,	507.5356
1,	509.5362
1,	511.5370
2,	513.5380
1,	515.5392
1,	517.5402
1,	519.5406
1,	521.5414
1,	523.5424
1,	525.5432
1,	527.5440
1,	529.5456
1,	531.5456
1,	533.5468
1,	535.5476
1,	537.5484
1,	539.5498
2,	541.5502
1,	543.5510
1,	545.5522
1,	547.5532
2,	549.5538
1,	551.5546
1,	553.5556
1,	555.5564
1,	557.5570
2,	559.5580
1,	561.5590
1,	563.5598
1,	565.5608
2,	567.5620
1,	569.5622
1,	571.5632
1,	573.5642
1,	575.5650
2,	577.5660
1,	579.5668
1,	581.5678
1,	583.5690
1,	585.5698
1,	587.5702
1,	589.5714
1,	591.5720
1,	593.5730
1,	595.5742
1,	597.5746
1,	599.5754
2,	601.5764
