# Marker IDs can be arbitrary strings.
# Marker ID,	Time (in s)
1,	3.1032
1,	5.1038
1,	7.1050
1,	9.1056
1,	11.1068
1,	13.1072
2,	15.1080
1,	17.1094
1,	19.1100
1,	21.1110
1,	23.1116
1,	25.1126
1,	27.1138
1,	29.1146
1,	31.1152
1,	33.1158
1,	35.1168
1,	37.1182
1,	39.1184
1,	41.1196
1,	43.1210
1,	45.1218
1,	47.1228
2,	49.1224
1,	51.1242
1,	53.1246
1,	55.1256
1,	57.1272
1,	59.1274
1,	61.1278
1,	63.1290
1,	65.1300
1,	67.1316
1,	69.1322
2,	71.1330
1,	73.1336
1,	75.1344
1,	77.1358
1,	79.1362
1,	81.1370
1,	83.1386
2,	85.1390
1,	87.1398
1,	89.1412
1,	91.1416
1,	93.1420
1,	95.1430
1,	97.1442
1,	99.1452
1,	101.1460
2,	103.1466
1,	105.1480
1,	107.1488
1,	109.1496
1,	111.1502
1,	113.1518
1,	115.1518
2,	117.1528
1,	119.1532
1,	121.1542
1,	123.1556
2,	125.1564
1,	127.1572
1,	129.1580
1,	131.1590
1,	133.1598
2,	135.1606
1,	137.1616
1,	139.1616
1,	141.1628
1,	143.1642
1,	145.1652
1,	147.1660
1,	149.1672
2,	151.1666
1,	153.1686
1,	155.1690
1,	157.1700
1,	159.1714
1,	161.1724
1,	163.1730
1,	165.1738
1,	167.1744
1,	169.1754
1,	171.1762
1,	173.1776
1,	175.1782
1,	177.1788
1,	179.1808
2,	181.1808
1,	183.1816
1,	185.1826
1,	187.1834
1,	189.1842
1,	191.1848
1,	193.1860
1,	195.1866
1,	197.1870
1,	199.1884
1,	201.1892
1,	203.1900
1,	205.1918
1,	207.1922
1,	209.1932
1,	211.1944
1,	213.1946
1,	215.1960
1,	217.1962
1,	219.1976
2,	221.1986
1,	223.1990
1,	225.2002
1,	227.2010
1,	229.2020
1,	231.2026
1,	233.2044
1,	235.2038
1,	237.2050
1,	239.2060
1,	241.2066
1,	243.2078
2,	245.2084
1,	247.2098
1,	249.2106
1,	251.2114
1,	253.2118
1,	255.2128
1,	257.2138
1,	259.2150
1,	261.2158
2,	263.2162
1,	265.2172
1,	267.2184
1,	269.2188
1,	271.2200
1,	273.2208
1,	275.2216
2,	277.2224
1,	279.2236
1,	281.2244
1,	283.2254
1,	285.2264
1,	287.2274
1,	289.2276
1,	291.2286
1,	293.2294
2,	295.2300
1,	297.2312
1,	299.2320
1,	301.2326
1,	303.2332
1,	305.2346
2,	307.2346
1,	309.2362
1,	311.2370
1,	313.2382
1,	315.2390
1,	317.2394
1,	319.2402
1,	321.2412
1,	323.2424
1,	325.2436
1,	327.2442
1,	329.2446
1,	331.2460
1,	333.2470
1,	335.2474
2,	337.2488
1,	339.2494
1,	341.2492
1,	343.2506
1,	345.2520
1,	347.2536
1,	349.2534
1,	351.2546
1,	353.2558
1,	355.2562
1,	357.2578
1,	359.2588
1,	361.2588
1,	363.2594
1,	365.2604
1,	367.2616
1,	369.2630
2,	371.2634
1,	373.2644
